(1,2,4,8),(13,10,12,16),(5,15,6,14),(11,9,3,7);   ==  802 - Proven Lower bound
( 8, 3, 4,15),( 7, 2, 1, 6),(10,13,11,14),(12, 9, 5,16);   ==  1392

Perfect



(1,2,3,4),(5,6,7,8),(9,10,11,12),(13,14,15,16);   ==  1032
(1,2,3,4),(5,6,7,8),(9,10,11,12),(13,14,15,16);   ==  1032
(1,2,3,4),(5,6,7,8),(9,10,11,12),(13,14,16,15);   ==  1081
(1,2,3,4),(5,6,7,8),(9,10,11,12),(13,15,14,16);   ==  1001
(1,2,3,4),(5,6,7,8),(9,10,11,12),(13,16,14,15);   ==  1105
(1,2,3,4),(5,6,7,8),(9,10,11,12),(14,13,16,15);   ==  1120
(1,2,3,4),(5,6,7,8),(9,10,11,12),(14,16,13,15);   ==  1153
(1,2,3,4),(5,6,7,8),(9,10,11,12),(16,13,14,15);   ==  1176
(1,2,3,4),(5,6,7,8),(9,10,11,12),(16,14,13,15);   ==  1185
(1,2,3,4),(5,6,7,8),(9,10,11,13),(12,16,14,15);   ==  1189
(1,2,3,4),(5,6,7,8),(9,10,11,13),(16,12,14,15);   ==  1191
(1,2,3,4),(5,6,7,8),(9,10,11,13),(16,14,12,15);   ==  1193
(1,2,3,4),(5,6,7,8),(9,10,11,14),(13,15,12,16);   ==  1001
(1,2,3,4),(5,6,7,8),(9,10,11,15),(16,13,14,12);   ==  1195
(1,2,3,4),(5,6,7,8),(9,10,11,15),(16,14,13,12);   ==  1204
(1,2,3,4),(5,6,7,8),(9,10,11,16),(13,15,12,14);   ==  993
(1,2,3,4),(5,6,7,8),(9,10,12,11),(13,15,14,16);   ==  970
(1,2,3,4),(5,6,7,8),(9,10,12,13),(11,15,14,16);   ==  970
(1,2,3,4),(5,6,7,8),(9,10,12,14),(11,13,15,16);   ==  968
(1,2,3,4),(5,6,7,8),(9,10,12,14),(11,15,13,16);   ==  948
(1,2,3,4),(5,6,7,8),(9,10,12,14),(11,15,16,13);   ==  947
(1,2,3,4),(5,6,7,8),(9,10,12,14),(13,15,16,11);   ==  947
(1,2,3,4),(5,6,7,8),(9,10,12,16),(11,15,13,14);   ==  936
(1,2,3,4),(5,6,7,8),(9,10,12,16),(11,15,14,13);   ==  923
(1,2,3,4),(5,6,7,8),(9,10,12,16),(13,15,14,11);   ==  923
(1,2,3,4),(5,6,7,8),(9,10,13,15),(16,14,11,12);   ==  1204
(1,2,3,4),(5,6,7,8),(9,11,13,10),(12,14,16,15);   ==  1205
(1,2,3,4),(5,6,7,8),(9,11,13,10),(12,16,14,15);   ==  1217
(1,2,3,4),(5,6,7,8),(9,11,13,10),(16,12,14,15);   ==  1219
(1,2,3,4),(5,6,7,8),(9,11,13,10),(16,14,12,15);   ==  1221
(1,2,3,4),(5,6,7,8),(9,11,13,10),(16,14,15,12);   ==  1228
(1,2,3,4),(5,6,7,8),(9,11,13,15),(16,14,10,12);   ==  1230
(1,2,3,4),(5,6,7,8),(9,13,11,15),(16,14,10,12);   ==  1230
(1,2,3,4),(5,6,7,8),(9,15,12,16),(11,10,14,13);   ==  920
(1,2,3,4),(5,6,7,8),(9,15,12,16),(13,10,14,11);   ==  920
(1,2,3,4),(5,6,7,8),(10,14,12,16),(11,15,9,13);   ==  920
(1,2,3,4),(5,6,7,8),(10,14,12,16),(13,15,9,11);   ==  920
(1,2,3,4),(5,6,7,8),(10,15,12,16),(11,9,14,13);   ==  914
(1,2,3,4),(5,6,7,8),(10,15,12,16),(13,9,14,11);   ==  914
(1,2,3,4),(5,6,7,8),(12,11,13,10),(16,14,9,15);   ==  1230
(1,2,3,4),(5,6,7,8),(12,13,11,10),(16,14,9,15);   ==  1230
(1,2,3,4),(5,6,7,8),(15,10,12,16),(11,9,14,13);   ==  907
(1,2,3,4),(5,6,7,8),(15,10,12,16),(13,9,14,11);   ==  907
(1,2,3,4),(5,6,7,8),(16,11,13,9),(12,14,10,15);   ==  1230
(1,2,3,4),(5,6,7,8),(16,11,13,9),(12,14,15,10);   ==  1231
(1,2,3,4),(5,6,7,8),(16,11,13,10),(12,14,9,15);   ==  1236
(1,2,3,4),(5,6,7,8),(16,11,13,15),(12,14,9,10);   ==  1239
(1,2,3,4),(5,6,7,8),(16,13,11,15),(12,14,9,10);   ==  1239
(1,2,3,4),(5,6,7,10),(8,11,13,9),(12,14,15,16);   ==  1239
(1,2,3,4),(5,6,7,10),(8,13,11,9),(12,14,15,16);   ==  1239
(1,2,3,4),(5,6,7,10),(16,11,13,9),(12,14,15,8);   ==  1239
(1,2,3,4),(5,6,7,10),(16,13,11,9),(12,14,15,8);   ==  1239
(1,2,3,4),(5,6,7,15),(8,11,13,16),(12,14,9,10);   ==  1242
(1,2,3,4),(5,6,7,15),(8,13,11,16),(12,14,9,10);   ==  1242
(1,2,3,4),(5,6,7,15),(16,11,13,8),(12,14,9,10);   ==  1242
(1,2,3,4),(5,6,7,15),(16,13,11,8),(12,14,9,10);   ==  1242
(1,2,3,4),(5,6,7,16),(15,10,12,8),(11,9,14,13);   ==  907
(1,2,3,4),(5,6,7,16),(15,10,12,8),(13,9,14,11);   ==  907
(1,2,3,4),(5,6,8,9),(10,15,12,14),(11,13,16,7);   ==  907
(1,2,3,4),(5,6,8,9),(10,15,12,14),(13,11,16,7);   ==  907
(1,2,3,4),(5,6,8,9),(10,15,12,16),(7,11,14,13);   ==  901
(1,2,3,4),(5,6,8,9),(10,15,12,16),(7,13,14,11);   ==  901
(1,2,3,4),(5,6,8,9),(10,15,12,16),(7,14,11,13);   ==  886
(1,2,3,4),(5,6,8,9),(10,15,12,16),(7,14,13,11);   ==  886
(1,2,3,4),(5,6,8,9),(10,15,12,16),(11,7,14,13);   ==  883
(1,2,3,4),(5,6,8,9),(10,15,12,16),(11,13,14,7);   ==  883
(1,2,3,4),(5,6,8,9),(10,15,12,16),(13,7,14,11);   ==  883
(1,2,3,4),(5,6,8,9),(10,15,12,16),(13,11,14,7);   ==  883
(1,2,3,4),(5,6,8,16),(9,10,12,14),(11,15,7,13);   ==  883
(1,2,3,4),(5,6,8,16),(9,10,12,14),(11,15,13,7);   ==  877
(1,2,3,4),(5,6,8,16),(9,10,12,14),(13,15,11,7);   ==  877
(1,2,3,4),(5,6,8,16),(10,15,12,9),(7,14,11,13);   ==  877
(1,2,3,4),(5,6,8,16),(10,15,12,9),(7,14,13,11);   ==  877
(1,2,3,4),(5,6,8,16),(10,15,12,9),(11,7,14,13);   ==  874
(1,2,3,4),(5,6,8,16),(10,15,12,9),(11,13,14,7);   ==  874
(1,2,3,4),(5,6,8,16),(10,15,12,9),(13,7,14,11);   ==  874
(1,2,3,4),(5,6,8,16),(10,15,12,9),(13,11,14,7);   ==  874
(1,2,3,4),(5,6,8,16),(10,15,12,14),(11,9,7,13);   ==  874
(1,2,3,4),(5,6,8,16),(10,15,12,14),(11,9,13,7);   ==  868
(1,2,3,4),(5,6,8,16),(10,15,12,14),(11,13,9,7);   ==  868
(1,2,3,4),(5,6,8,16),(10,15,12,14),(13,9,11,7);   ==  868
(1,2,3,4),(5,6,8,16),(10,15,12,14),(13,11,9,7);   ==  868
(1,2,3,4),(5,6,8,16),(15,10,12,14),(11,9,7,13);   ==  867
(1,2,3,4),(5,6,8,16),(15,10,12,14),(11,9,13,7);   ==  861
(1,2,3,4),(5,6,8,16),(15,10,12,14),(13,9,11,7);   ==  861
(1,2,3,4),(5,6,12,8),(9,15,10,16),(11,7,14,13);   ==  861
(1,2,3,4),(5,6,12,8),(9,15,10,16),(11,13,14,7);   ==  861
(1,2,3,4),(5,6,12,8),(9,15,10,16),(13,7,14,11);   ==  861
(1,2,3,4),(5,6,12,8),(9,15,10,16),(13,11,14,7);   ==  861
(1,2,3,4),(5,6,12,8),(10,15,9,16),(11,7,14,13);   ==  861
(1,2,3,4),(5,6,12,8),(10,15,9,16),(11,13,14,7);   ==  861
(1,2,3,4),(5,6,12,8),(10,15,9,16),(13,7,14,11);   ==  861
(1,2,3,4),(5,6,12,8),(10,15,9,16),(13,11,14,7);   ==  861
(1,2,3,4),(5,6,12,8),(15,10,9,16),(11,7,14,13);   ==  858
(1,2,3,4),(5,6,12,8),(15,10,9,16),(11,13,14,7);   ==  858
(1,2,3,4),(5,6,12,8),(15,10,9,16),(13,7,14,11);   ==  858
(1,2,3,4),(5,6,12,8),(15,10,9,16),(13,11,14,7);   ==  858
(1,2,3,4),(5,6,12,8),(15,10,14,16),(11,9,7,13);   ==  857
(1,2,3,4),(5,6,12,8),(15,10,14,16),(13,9,7,11);   ==  857
(1,2,3,4),(5,6,12,16),(15,10,14,8),(11,9,7,13);   ==  857
(1,2,3,4),(5,6,12,16),(15,10,14,8),(13,9,7,11);   ==  857
(1,2,3,4),(5,7,6,8),(16,11,13,15),(12,9,10,14);   ==  1243
(1,2,3,4),(5,7,6,8),(16,13,11,15),(12,9,10,14);   ==  1243
(1,2,3,4),(5,7,6,15),(8,11,13,16),(12,9,10,14);   ==  1246
(1,2,3,4),(5,7,6,15),(8,13,11,16),(12,9,10,14);   ==  1246
(1,2,3,4),(5,7,6,15),(16,11,13,8),(12,9,10,14);   ==  1246
(1,2,3,4),(5,7,6,15),(16,13,11,8),(12,9,10,14);   ==  1246
(1,2,3,4),(5,7,9,6),(8,11,13,10),(12,14,15,16);   ==  1250
(1,2,3,4),(5,7,9,6),(8,11,13,10),(12,15,14,16);   ==  1255
(1,2,3,4),(5,7,9,6),(8,13,11,10),(12,15,14,16);   ==  1255
(1,2,3,4),(5,7,9,6),(16,11,13,10),(12,15,14,8);   ==  1255
(1,2,3,4),(5,7,9,6),(16,13,11,10),(12,15,14,8);   ==  1255
(1,2,3,4),(5,9,7,6),(8,11,13,10),(12,14,15,16);   ==  1260
(1,2,3,4),(5,9,7,6),(8,13,11,10),(12,14,15,16);   ==  1260
(1,2,3,4),(5,9,7,6),(16,11,13,10),(12,14,15,8);   ==  1260
(1,2,3,4),(5,9,7,6),(16,13,11,10),(12,14,15,8);   ==  1260
(1,2,3,4),(5,9,12,8),(10,15,6,16),(11,7,14,13);   ==  857
(1,2,3,4),(5,9,12,8),(10,15,6,16),(11,13,14,7);   ==  857
(1,2,3,4),(5,9,12,8),(10,15,6,16),(13,7,14,11);   ==  857
(1,2,3,4),(5,9,12,8),(10,15,6,16),(13,11,14,7);   ==  857
(1,2,3,4),(5,9,12,8),(15,10,6,16),(11,7,14,13);   ==  852
(1,2,3,4),(5,9,12,8),(15,10,6,16),(11,13,14,7);   ==  852
(1,2,3,4),(5,9,12,8),(15,10,6,16),(13,7,14,11);   ==  852
(1,2,3,4),(5,9,12,8),(15,10,6,16),(13,11,14,7);   ==  852
(1,2,3,4),(5,9,12,16),(15,10,6,8),(11,7,14,13);   ==  852
(1,2,3,4),(5,9,12,16),(15,10,6,8),(11,13,14,7);   ==  852
(1,2,3,4),(5,9,12,16),(15,10,6,8),(13,7,14,11);   ==  852
(1,2,3,4),(5,9,12,16),(15,10,6,8),(13,11,14,7);   ==  852
(1,2,3,4),(5,15,12,8),(9,10,6,16),(11,7,14,13);   ==  852
(1,2,3,4),(5,15,12,8),(9,10,6,16),(11,13,14,7);   ==  852
(1,2,3,4),(5,15,12,8),(9,10,6,16),(13,7,14,11);   ==  852
(1,2,3,4),(5,15,12,8),(9,10,6,16),(13,11,14,7);   ==  852
(1,2,3,4),(5,15,12,16),(9,10,6,8),(11,7,14,13);   ==  852
(1,2,3,4),(5,15,12,16),(9,10,6,8),(11,13,14,7);   ==  852
(1,2,3,4),(5,15,12,16),(9,10,6,8),(13,7,14,11);   ==  852
(1,2,3,4),(5,15,12,16),(9,10,6,8),(13,11,14,7);   ==  852
(1,2,3,4),(6,5,7,8),(15,11,13,10),(16,14,9,12);   ==  1263
(1,2,3,4),(6,5,7,8),(15,13,11,10),(16,14,9,12);   ==  1263
(1,2,3,4),(6,5,7,16),(15,11,13,10),(8,14,9,12);   ==  1263
(1,2,3,4),(6,5,7,16),(15,13,11,10),(8,14,9,12);   ==  1263
(1,2,3,4),(6,7,5,8),(10,11,13,15),(16,9,14,12);   ==  1263
(1,2,3,4),(6,7,5,8),(10,13,11,15),(16,9,14,12);   ==  1263
(1,2,3,4),(6,7,5,16),(10,11,13,15),(8,9,14,12);   ==  1263
(1,2,3,4),(6,7,5,16),(10,13,11,15),(8,9,14,12);   ==  1263
(1,2,3,4),(7,14,8,16),(11,6,12,10),(13,9,15,5);   ==  851
(1,2,3,4),(7,14,8,16),(11,10,6,12),(13,5,15,9);   ==  849
(1,2,3,4),(7,14,8,16),(13,10,6,12),(11,5,15,9);   ==  849
(1,2,3,4),(7,14,16,8),(11,10,6,12),(13,5,15,9);   ==  849
(1,2,3,4),(7,14,16,8),(13,10,6,12),(11,5,15,9);   ==  849
(1,2,3,4),(8,5,7,6),(9,11,13,10),(12,14,15,16);   ==  1265
(1,2,3,4),(8,5,7,6),(9,11,13,15),(12,10,14,16);   ==  1271
(1,2,3,4),(8,5,7,6),(9,13,11,15),(12,10,14,16);   ==  1271
(1,2,3,4),(8,5,7,6),(10,11,13,15),(12,9,14,16);   ==  1275
(1,2,3,4),(8,5,7,6),(10,13,11,15),(12,9,14,16);   ==  1275
(1,2,3,4),(8,5,7,6),(15,11,13,10),(12,14,9,16);   ==  1281
(1,2,3,4),(8,5,7,6),(15,13,11,10),(12,14,9,16);   ==  1281
(1,2,3,4),(8,7,5,6),(10,11,13,15),(12,9,14,16);   ==  1281
(1,2,3,4),(8,7,5,6),(10,13,11,15),(12,9,14,16);   ==  1281
(1,2,3,4),(9,6,8,16),(11,15,12,14),(13,5,10,7);   ==  849
(1,2,3,4),(9,6,8,16),(13,15,12,14),(11,5,10,7);   ==  849
(1,2,3,4),(9,6,8,16),(15,10,12,14),(5,11,13,7);   ==  849
(1,2,3,4),(9,6,8,16),(15,10,12,14),(5,13,11,7);   ==  849
(1,2,3,4),(9,6,8,16),(15,10,12,14),(11,5,13,7);   ==  849
(1,2,3,4),(9,6,8,16),(15,10,12,14),(13,5,11,7);   ==  849
(1,2,3,4),(9,6,12,8),(5,15,10,16),(11,7,14,13);   ==  845
(1,2,3,4),(9,6,12,8),(5,15,10,16),(11,13,14,7);   ==  845
(1,2,3,4),(9,6,12,8),(5,15,10,16),(13,7,14,11);   ==  845
(1,2,3,4),(9,6,12,8),(5,15,10,16),(13,11,14,7);   ==  845
(1,2,3,4),(9,6,12,8),(11,15,10,16),(13,5,7,14);   ==  842
(1,2,3,4),(9,6,12,8),(11,15,10,16),(13,5,14,7);   ==  837
(1,2,3,4),(9,6,12,8),(13,15,10,16),(11,5,14,7);   ==  837
(1,2,3,4),(9,6,12,8),(15,10,14,16),(5,11,7,13);   ==  837
(1,2,3,4),(9,6,12,8),(15,10,14,16),(5,13,7,11);   ==  837
(1,2,3,4),(9,6,12,8),(15,10,14,16),(11,5,7,13);   ==  837
(1,2,3,4),(9,6,12,8),(15,10,14,16),(13,5,7,11);   ==  837
(1,2,3,4),(9,6,12,16),(11,15,10,8),(13,5,14,7);   ==  837
(1,2,3,4),(9,6,12,16),(13,15,10,8),(11,5,14,7);   ==  837
(1,2,3,4),(9,6,12,16),(15,10,14,8),(5,11,7,13);   ==  837
(1,2,3,4),(9,6,12,16),(15,10,14,8),(5,13,7,11);   ==  837
(1,2,3,4),(9,6,12,16),(15,10,14,8),(11,5,7,13);   ==  837
(1,2,3,4),(9,6,12,16),(15,10,14,8),(13,5,7,11);   ==  837
(1,2,3,4),(16,5,7,6),(15,11,13,10),(12,14,9,8);   ==  1281
(1,2,3,4),(16,5,7,6),(15,13,11,10),(12,14,9,8);   ==  1281
(1,2,3,4),(16,7,5,6),(10,11,13,15),(12,9,14,8);   ==  1281
(1,2,3,4),(16,7,5,6),(10,13,11,15),(12,9,14,8);   ==  1281
(1,2,3,5),(4,6,10,15),(8,12,9,11),(16,14,7,13);   ==  837
(1,2,3,5),(4,6,10,15),(8,12,9,13),(16,14,7,11);   ==  837
(1,2,3,5),(4,6,10,15),(8,16,12,9),(7,14,11,13);   ==  834
(1,2,3,5),(4,6,10,15),(8,16,12,9),(7,14,13,11);   ==  834
(1,2,3,5),(4,6,10,15),(8,16,12,9),(11,14,7,13);   ==  834
(1,2,3,5),(4,6,10,15),(8,16,12,9),(13,14,7,11);   ==  834
(1,2,3,5),(4,6,10,15),(16,8,12,9),(7,14,11,13);   ==  834
(1,2,3,5),(4,6,10,15),(16,8,12,9),(7,14,13,11);   ==  834
(1,2,3,5),(4,6,10,15),(16,8,12,9),(11,14,7,13);   ==  834
(1,2,3,5),(4,6,10,15),(16,8,12,9),(13,14,7,11);   ==  834
(1,2,3,5),(4,8,10,15),(16,12,6,9),(7,14,11,13);   ==  828
(1,2,3,5),(4,8,10,15),(16,12,6,9),(7,14,13,11);   ==  828
(1,2,3,5),(4,8,10,15),(16,12,6,9),(11,14,7,13);   ==  828
(1,2,3,5),(4,8,10,15),(16,12,6,9),(13,14,7,11);   ==  828
(1,2,3,5),(4,12,6,15),(8,16,10,9),(7,14,11,13);   ==  828
(1,2,3,5),(4,12,6,15),(8,16,10,9),(7,14,13,11);   ==  828
(1,2,3,5),(4,12,6,15),(8,16,10,9),(11,14,7,13);   ==  828
(1,2,3,5),(4,12,6,15),(8,16,10,9),(13,14,7,11);   ==  828
(1,2,3,5),(4,12,6,15),(16,8,10,9),(7,14,11,13);   ==  828
(1,2,3,5),(4,12,6,15),(16,8,10,9),(7,14,13,11);   ==  828
(1,2,3,5),(4,12,6,15),(16,8,10,9),(11,14,7,13);   ==  828
(1,2,3,5),(4,12,6,15),(16,8,10,9),(13,14,7,11);   ==  828
(1,2,3,5),(4,12,10,15),(8,16,6,9),(7,14,11,13);   ==  822
(1,2,3,5),(4,12,10,15),(8,16,6,9),(7,14,13,11);   ==  822
(1,2,3,5),(4,12,10,15),(8,16,6,9),(11,14,7,13);   ==  822
(1,2,3,5),(4,12,10,15),(8,16,6,9),(13,14,7,11);   ==  822
(1,2,3,5),(4,12,10,15),(16,8,6,9),(7,14,11,13);   ==  822
(1,2,3,5),(4,12,10,15),(16,8,6,9),(7,14,13,11);   ==  822
(1,2,3,5),(4,12,10,15),(16,8,6,9),(11,14,7,13);   ==  822
(1,2,3,5),(4,12,10,15),(16,8,6,9),(13,14,7,11);   ==  822
(1,2,3,5),(8,12,10,15),(16,4,6,9),(7,14,11,13);   ==  822
(1,2,3,5),(8,12,10,15),(16,4,6,9),(7,14,13,11);   ==  822
(1,2,3,5),(8,12,10,15),(16,4,6,9),(11,14,7,13);   ==  822
(1,2,3,5),(8,12,10,15),(16,4,6,9),(13,14,7,11);   ==  822
(1,2,3,5),(16,12,10,15),(8,4,6,9),(7,14,11,13);   ==  822
(1,2,3,5),(16,12,10,15),(8,4,6,9),(7,14,13,11);   ==  822
(1,2,3,5),(16,12,10,15),(8,4,6,9),(11,14,7,13);   ==  822
(1,2,3,5),(16,12,10,15),(8,4,6,9),(13,14,7,11);   ==  822
(1,2,3,6),(8,5,4,7),(14,11,13,10),(12,15,9,16);   ==  1282
(1,2,3,6),(8,5,4,7),(14,13,11,10),(12,15,9,16);   ==  1282
(1,2,3,6),(8,5,4,10),(14,11,13,7),(12,15,9,16);   ==  1283
(1,2,3,6),(8,5,4,10),(14,13,11,7),(12,15,9,16);   ==  1283
(1,2,3,6),(8,5,7,4),(10,11,13,15),(12,9,14,16);   ==  1287
(1,2,3,6),(8,5,7,4),(10,13,11,15),(12,9,14,16);   ==  1287
(1,2,3,6),(8,5,7,4),(15,11,13,10),(12,14,9,16);   ==  1293
(1,2,3,6),(8,5,7,4),(15,13,11,10),(12,14,9,16);   ==  1293
(1,2,3,6),(8,7,5,4),(10,11,13,15),(12,9,14,16);   ==  1293
(1,2,3,6),(8,7,5,4),(10,13,11,15),(12,9,14,16);   ==  1293
(1,2,3,6),(16,5,7,4),(15,11,13,10),(12,14,9,8);   ==  1293
(1,2,3,6),(16,5,7,4),(15,13,11,10),(12,14,9,8);   ==  1293
(1,2,3,6),(16,7,5,4),(10,11,13,15),(12,9,14,8);   ==  1293
(1,2,3,6),(16,7,5,4),(10,13,11,15),(12,9,14,8);   ==  1293
(1,2,3,8),(12,5,9,10),(14,11,13,7),(16,15,4,6);   ==  1295
(1,2,3,8),(12,5,9,10),(14,13,11,7),(16,15,4,6);   ==  1295
(1,2,3,9),(4,6,12,15),(8,16,10,5),(7,14,11,13);   ==  818
(1,2,3,9),(4,6,12,15),(8,16,10,5),(7,14,13,11);   ==  818
(1,2,3,9),(4,6,12,15),(8,16,10,5),(11,14,7,13);   ==  818
(1,2,3,9),(4,6,12,15),(8,16,10,5),(13,14,7,11);   ==  818
(1,2,3,9),(4,6,12,15),(16,8,10,5),(7,14,11,13);   ==  818
(1,2,3,9),(4,6,12,15),(16,8,10,5),(7,14,13,11);   ==  818
(1,2,3,9),(4,6,12,15),(16,8,10,5),(11,14,7,13);   ==  818
(1,2,3,9),(4,6,12,15),(16,8,10,5),(13,14,7,11);   ==  818
(1,2,3,9),(4,8,12,6),(14,16,10,15),(7,11,5,13);   ==  818
(1,2,3,9),(4,8,12,6),(14,16,10,15),(7,11,13,5);   ==  818
(1,2,3,9),(4,8,12,6),(14,16,10,15),(7,13,5,11);   ==  818
(1,2,3,9),(4,8,12,6),(14,16,10,15),(7,13,11,5);   ==  818
(1,2,3,9),(4,12,6,15),(8,16,10,5),(7,14,11,13);   ==  804
(1,2,3,9),(4,12,6,15),(8,16,10,5),(7,14,13,11);   ==  804
(1,2,3,9),(4,12,6,15),(8,16,10,5),(11,14,7,13);   ==  804
(1,2,3,9),(4,12,6,15),(8,16,10,5),(13,14,7,11);   ==  804
(1,2,3,9),(4,12,6,15),(16,8,10,5),(7,14,11,13);   ==  804
(1,2,3,9),(4,12,6,15),(16,8,10,5),(7,14,13,11);   ==  804
(1,2,3,9),(4,12,6,15),(16,8,10,5),(11,14,7,13);   ==  804
(1,2,3,9),(4,12,6,15),(16,8,10,5),(13,14,7,11);   ==  804
(1,2,3,9),(8,12,6,15),(16,4,10,5),(7,14,11,13);   ==  804
(1,2,3,9),(8,12,6,15),(16,4,10,5),(7,14,13,11);   ==  804
(1,2,3,9),(8,12,6,15),(16,4,10,5),(11,14,7,13);   ==  804
(1,2,3,9),(8,12,6,15),(16,4,10,5),(13,14,7,11);   ==  804
(1,2,3,9),(16,12,6,15),(8,4,10,5),(7,14,11,13);   ==  804
(1,2,3,9),(16,12,6,15),(8,4,10,5),(7,14,13,11);   ==  804
(1,2,3,9),(16,12,6,15),(8,4,10,5),(11,14,7,13);   ==  804
(1,2,3,9),(16,12,6,15),(8,4,10,5),(13,14,7,11);   ==  804
(1,2,3,12),(8,5,7,10),(4,11,13,9),(6,15,14,16);   ==  1295
(1,2,3,12),(8,5,7,10),(4,13,11,9),(6,15,14,16);   ==  1295
(1,2,3,12),(8,5,9,10),(14,11,13,7),(6,15,4,16);   ==  1299
(1,2,3,12),(8,5,9,10),(14,13,11,7),(6,15,4,16);   ==  1299
(1,2,3,12),(8,5,11,10),(14,9,13,7),(6,15,4,16);   ==  1299
(1,2,3,12),(8,5,11,10),(14,13,9,7),(6,15,4,16);   ==  1299
(1,2,3,12),(8,5,13,10),(14,9,11,7),(6,15,4,16);   ==  1299
(1,2,3,12),(8,5,13,10),(14,11,9,7),(6,15,4,16);   ==  1299
(1,2,3,12),(16,5,9,10),(14,11,13,7),(6,15,4,8);   ==  1299
(1,2,3,12),(16,5,9,10),(14,13,11,7),(6,15,4,8);   ==  1299
(1,2,3,12),(16,5,11,10),(14,9,13,7),(6,15,4,8);   ==  1299
(1,2,3,12),(16,5,11,10),(14,13,9,7),(6,15,4,8);   ==  1299
(1,2,3,12),(16,5,13,10),(14,9,11,7),(6,15,4,8);   ==  1299
(1,2,3,12),(16,5,13,10),(14,11,9,7),(6,15,4,8);   ==  1299
(1,2,4,8),(3,6,12,16),(9,15,10,14),(11,5,13,7);   ==  802
(1,2,4,8),(3,6,12,16),(9,15,10,14),(11,13,5,7);   ==  802
(1,2,4,8),(3,6,12,16),(9,15,10,14),(13,5,11,7);   ==  802
(1,2,4,8),(3,6,12,16),(9,15,10,14),(13,11,5,7);   ==  802
(1,2,4,8),(5,10,12,16),(11,15,6,14),(13,3,9,7);   ==  802
(1,2,4,8),(5,10,12,16),(11,15,6,14),(13,9,3,7);   ==  802
(1,2,4,8),(5,10,12,16),(13,15,6,14),(11,3,9,7);   ==  802
(1,2,4,8),(5,10,12,16),(13,15,6,14),(11,9,3,7);   ==  802
(1,2,4,8),(7,14,12,16),(11,3,6,10),(13,9,15,5);   ==  802
(1,2,4,8),(7,14,12,16),(11,9,6,10),(13,3,15,5);   ==  802
(1,2,4,8),(7,14,12,16),(11,10,6,3),(13,5,15,9);   ==  802
(1,2,4,8),(7,14,12,16),(11,10,6,9),(13,5,15,3);   ==  802
(1,2,4,8),(7,14,12,16),(13,3,6,10),(11,9,15,5);   ==  802
(1,2,4,8),(7,14,12,16),(13,9,6,10),(11,3,15,5);   ==  802
(1,2,4,8),(7,14,12,16),(13,10,6,3),(11,5,15,9);   ==  802
(1,2,4,8),(7,14,12,16),(13,10,6,9),(11,5,15,3);   ==  802
(1,2,4,8),(9,6,12,16),(3,15,10,14),(11,5,13,7);   ==  802
(1,2,4,8),(9,6,12,16),(3,15,10,14),(11,13,5,7);   ==  802
(1,2,4,8),(9,6,12,16),(3,15,10,14),(13,5,11,7);   ==  802
(1,2,4,8),(9,6,12,16),(3,15,10,14),(13,11,5,7);   ==  802
(1,2,4,8),(11,10,12,16),(5,15,6,14),(13,3,9,7);   ==  802
(1,2,4,8),(11,10,12,16),(5,15,6,14),(13,9,3,7);   ==  802
(1,2,4,8),(13,10,12,16),(5,15,6,14),(11,3,9,7);   ==  802
(1,2,4,8),(13,10,12,16),(5,15,6,14),(11,9,3,7);   ==  802
(1,2,4,8),(15,5,3,6),(14,11,13,7),(12,16,9,10);   ==  1299
(1,2,4,8),(15,5,3,6),(14,13,11,7),(12,16,9,10);   ==  1299
(1,2,4,8),(15,5,9,6),(14,11,13,7),(12,16,3,10);   ==  1299
(1,2,4,8),(15,5,9,6),(14,13,11,7),(12,16,3,10);   ==  1299
(1,2,4,15),(8,7,3,6),(10,11,13,14),(12,9,5,16);   ==  1300
(1,2,4,15),(8,7,3,6),(10,13,11,14),(12,9,5,16);   ==  1300
(1,2,4,15),(8,7,9,6),(10,11,13,14),(12,3,5,16);   ==  1300
(1,2,4,15),(8,7,9,6),(10,13,11,14),(12,3,5,16);   ==  1300
(1,2,4,15),(8,7,11,6),(10,3,13,14),(12,9,5,16);   ==  1300
(1,2,4,15),(8,7,11,6),(10,9,13,14),(12,3,5,16);   ==  1300
(1,2,4,15),(8,7,13,6),(10,3,11,14),(12,9,5,16);   ==  1300
(1,2,4,15),(8,7,13,6),(10,9,11,14),(12,3,5,16);   ==  1300
(1,2,4,15),(16,7,3,6),(10,11,13,14),(12,9,5,8);   ==  1300
(1,2,4,15),(16,7,3,6),(10,13,11,14),(12,9,5,8);   ==  1300
(1,2,4,15),(16,7,9,6),(10,11,13,14),(12,3,5,8);   ==  1300
(1,2,4,15),(16,7,9,6),(10,13,11,14),(12,3,5,8);   ==  1300
(1,2,4,15),(16,7,11,6),(10,3,13,14),(12,9,5,8);   ==  1300
(1,2,4,15),(16,7,11,6),(10,9,13,14),(12,3,5,8);   ==  1300
(1,2,4,15),(16,7,13,6),(10,3,11,14),(12,9,5,8);   ==  1300
(1,2,4,15),(16,7,13,6),(10,9,11,14),(12,3,5,8);   ==  1300
(1,2,4,16),(3,6,12,8),(9,15,10,14),(11,5,13,7);   ==  802
(1,2,4,16),(3,6,12,8),(9,15,10,14),(11,13,5,7);   ==  802
(1,2,4,16),(3,6,12,8),(9,15,10,14),(13,5,11,7);   ==  802
(1,2,4,16),(3,6,12,8),(9,15,10,14),(13,11,5,7);   ==  802
(1,2,4,16),(5,10,12,8),(11,15,6,14),(13,3,9,7);   ==  802
(1,2,4,16),(5,10,12,8),(11,15,6,14),(13,9,3,7);   ==  802
(1,2,4,16),(5,10,12,8),(13,15,6,14),(11,3,9,7);   ==  802
(1,2,4,16),(5,10,12,8),(13,15,6,14),(11,9,3,7);   ==  802
(1,2,4,16),(7,14,12,8),(11,3,6,10),(13,9,15,5);   ==  802
(1,2,4,16),(7,14,12,8),(11,9,6,10),(13,3,15,5);   ==  802
(1,2,4,16),(7,14,12,8),(11,10,6,3),(13,5,15,9);   ==  802
(1,2,4,16),(7,14,12,8),(11,10,6,9),(13,5,15,3);   ==  802
(1,2,4,16),(7,14,12,8),(13,3,6,10),(11,9,15,5);   ==  802
(1,2,4,16),(7,14,12,8),(13,9,6,10),(11,3,15,5);   ==  802
(1,2,4,16),(7,14,12,8),(13,10,6,3),(11,5,15,9);   ==  802
(1,2,4,16),(7,14,12,8),(13,10,6,9),(11,5,15,3);   ==  802
(1,2,4,16),(9,6,12,8),(3,15,10,14),(11,5,13,7);   ==  802
(1,2,4,16),(9,6,12,8),(3,15,10,14),(11,13,5,7);   ==  802
(1,2,4,16),(9,6,12,8),(3,15,10,14),(13,5,11,7);   ==  802
(1,2,4,16),(9,6,12,8),(3,15,10,14),(13,11,5,7);   ==  802
(1,2,4,16),(11,10,12,8),(5,15,6,14),(13,3,9,7);   ==  802
(1,2,4,16),(11,10,12,8),(5,15,6,14),(13,9,3,7);   ==  802
(1,2,4,16),(13,10,12,8),(5,15,6,14),(11,3,9,7);   ==  802
(1,2,4,16),(13,10,12,8),(5,15,6,14),(11,9,3,7);   ==  802
(1,2,5,12),(8,3,9,7),(14,11,13,10),(15,4,6,16);   ==  1303
(1,2,5,12),(8,3,9,7),(14,11,13,10),(15,6,4,16);   ==  1303
(1,2,5,12),(8,3,9,7),(14,13,11,10),(15,4,6,16);   ==  1303
(1,2,5,12),(8,3,9,7),(14,13,11,10),(15,6,4,16);   ==  1303
(1,2,5,12),(8,9,3,7),(14,11,13,10),(15,4,6,16);   ==  1303
(1,2,5,12),(8,9,3,7),(14,11,13,10),(15,6,4,16);   ==  1303
(1,2,5,12),(8,9,3,7),(14,13,11,10),(15,4,6,16);   ==  1303
(1,2,5,12),(8,9,3,7),(14,13,11,10),(15,6,4,16);   ==  1303
(1,2,5,12),(16,3,9,7),(14,11,13,10),(15,4,6,8);   ==  1303
(1,2,5,12),(16,3,9,7),(14,11,13,10),(15,6,4,8);   ==  1303
(1,2,5,12),(16,3,9,7),(14,13,11,10),(15,4,6,8);   ==  1303
(1,2,5,12),(16,3,9,7),(14,13,11,10),(15,6,4,8);   ==  1303
(1,2,5,12),(16,9,3,7),(14,11,13,10),(15,4,6,8);   ==  1303
(1,2,5,12),(16,9,3,7),(14,11,13,10),(15,6,4,8);   ==  1303
(1,2,5,12),(16,9,3,7),(14,13,11,10),(15,4,6,8);   ==  1303
(1,2,5,12),(16,9,3,7),(14,13,11,10),(15,6,4,8);   ==  1303

(1,2,5,12),(16,9,3,7),(14,13,11,10),(15,6,4,8);   ==  1303







Fix:  (8,0,0,12),(0,0,0,14),(7,0,0,0),(6,4,0,16);
(8,1,2,12),(3,5,9,14),(7,10,11,13),(6,4,15,16);   ==  1317
(8,1,2,12),(3,5,9,14),(7,11,13,15),(6,4,10,16);   ==  1345
(8,1,2,12),(3,5,9,14),(7,10,11,15),(6,4,13,16);   ==  1325
(8,1,2,12),(3,5,9,14),(7,13,11,15),(6,4,10,16);   ==  1345
(8,1,2,12),(3,5,9,14),(7,10,15,11),(6,4,13,16);   ==  1281
(8,1,2,12),(3,5,9,14),(7,11,13,10),(6,4,15,16);   ==  1341
(8,1,2,12),(3,5,11,14),(7,9,13,15),(6,4,10,16);   ==  1345
(8,1,2,12),(3,5,11,14),(7,13,9,15),(6,4,10,16);   ==  1345
(8,1,2,12),(3,5,13,14),(7,11,9,15),(6,4,10,16);   ==  1345
(8,1,2,12),(5,3,11,14),(7,13,9,10),(6,4,15,16);   ==  1349
(8,1,2,12),(5,3,11,14),(7,13,9,15),(6,4,10,16);   ==  1353
(8,1,2,12),(5,3,13,14),(7,9,11,15),(6,4,10,16);   ==  1357
(8,1,2,12),(5,9,11,14),(7,3,13,15),(6,4,10,16);   ==  1357
(8,1,2,12),(5,9,13,14),(7,3,11,15),(6,4,10,16);   ==  1357
(8,1,2,12),(10,3,5,14),(7,11,13,9),(6,4,15,16);   ==  1357
(8,1,2,12),(10,3,5,14),(7,11,13,15),(6,4,9,16);   ==  1357
(8,1,2,12),(10,3,5,14),(7,13,11,9),(6,4,15,16);   ==  1357
(8,1,2,12),(10,3,5,14),(7,13,11,15),(6,4,9,16);   ==  1357
(8,1,2,12),(10,3,9,14),(7,11,13,5),(6,4,15,16);   ==  1361
(8,1,2,12),(10,3,13,14),(7,9,11,15),(6,4,5,16);   ==  1361
(8,1,2,12),(10,3,9,14),(7,13,11,5),(6,4,15,16);   ==  1361
(8,1,2,12),(10,9,3,14),(7,11,13,5),(6,4,15,16);   ==  1361
(8,1,2,12),(10,3,11,14),(7,9,13,15),(6,4,5,16);   ==  1361
(8,1,2,12),(10,9,3,14),(7,13,11,5),(6,4,15,16);   ==  1361
(8,1,2,12),(10,9,11,14),(7,3,13,15),(6,4,5,16);   ==  1361
(8,1,2,12),(10,9,13,14),(7,3,11,15),(6,4,5,16);   ==  1361
(8,1,2,12),(5,3,9,14),(7,11,13,10),(6,4,15,16);   ==  1353
(8,1,2,12),(15,3,5,14),(7,11,13,9),(6,4,10,16);   ==  1361
(8,1,2,12),(15,3,5,14),(7,13,11,9),(6,4,10,16);   ==  1361
(8,1,2,12),(15,9,5,14),(7,13,11,3),(6,4,10,16);   ==  1361
(8,1,2,12),(3,5,13,14),(7,9,11,15),(6,4,10,16);   ==  1345
(8,1,2,12),(15,13,5,14),(7,3,11,9),(6,4,10,16);   ==  1361
(8,1,2,12),(15,9,5,14),(7,11,13,3),(6,4,10,16);   ==  1361
(8,1,2,12),(15,11,5,14),(7,3,13,9),(6,4,10,16);   ==  1361
(8,1,2,12),(15,13,5,14),(7,9,11,3),(6,4,10,16);   ==  1361
(8,1,3,12),(5,2,11,14),(7,9,13,10),(6,4,15,16);   ==  1361
(8,1,2,12),(15,13,5,14),(7,11,3,9),(6,4,10,16);   ==  1361
(8,1,2,12),(15,13,5,14),(7,11,9,3),(6,4,10,16);   ==  1361
(8,1,3,12),(5,2,13,14),(7,9,11,10),(6,4,15,16);   ==  1361
(8,1,2,12),(15,11,5,14),(7,9,13,3),(6,4,10,16);   ==  1361
(8,1,2,12),(15,11,5,14),(7,13,3,9),(6,4,10,16);   ==  1361
(8,1,2,12),(15,11,5,14),(7,13,9,3),(6,4,10,16);   ==  1361
(8,1,3,12),(10,2,9,14),(7,11,13,5),(6,4,15,16);   ==  1361
(8,1,3,12),(10,2,13,14),(7,9,11,15),(6,4,5,16);   ==  1361
(8,1,3,12),(10,11,2,14),(7,9,13,5),(6,4,15,16);   ==  1366
(8,1,3,12),(10,13,2,14),(7,9,11,5),(6,4,15,16);   ==  1366
(8,1,3,12),(10,9,2,14),(7,11,13,5),(6,4,15,16);   ==  1366
(8,1,3,12),(10,9,2,14),(7,13,11,5),(6,4,15,16);   ==  1366
(8,1,5,12),(10,3,2,14),(7,11,13,9),(6,4,15,16);   ==  1366
(8,1,5,12),(15,2,11,14),(7,3,13,9),(6,4,10,16);   ==  1369
(8,1,5,12),(15,2,3,14),(7,11,13,9),(6,4,10,16);   ==  1369
(8,1,5,12),(10,9,2,14),(7,11,13,3),(6,4,15,16);   ==  1366
(8,1,5,12),(15,2,11,14),(7,9,13,3),(6,4,10,16);   ==  1369
(8,1,5,12),(15,2,11,14),(7,13,3,9),(6,4,10,16);   ==  1369
(8,1,5,12),(15,2,11,14),(7,13,9,3),(6,4,10,16);   ==  1369
(8,1,5,12),(15,2,13,14),(7,3,11,9),(6,4,10,16);   ==  1369
(8,1,5,12),(15,2,13,14),(7,9,11,3),(6,4,10,16);   ==  1369
(8,1,5,12),(15,2,13,14),(7,11,3,9),(6,4,10,16);   ==  1369
(8,1,5,12),(15,2,13,14),(7,11,9,3),(6,4,10,16);   ==  1369
(8,1,5,12),(15,2,3,14),(7,13,11,9),(6,4,10,16);   ==  1369
(8,1,5,12),(15,2,9,14),(7,11,13,3),(6,4,10,16);   ==  1369
(8,1,5,12),(15,2,9,14),(7,13,11,3),(6,4,10,16);   ==  1369
(8,1,10,12),(15,2,11,14),(7,9,13,3),(6,4,5,16);   ==  1372
(8,1,10,12),(15,2,11,14),(7,13,3,9),(6,4,5,16);   ==  1372
(8,1,10,12),(15,2,11,14),(7,13,9,3),(6,4,5,16);   ==  1372
(8,1,10,12),(15,2,13,14),(7,3,11,9),(6,4,5,16);   ==  1372
(8,1,10,12),(15,2,13,14),(7,9,11,3),(6,4,5,16);   ==  1372
(8,1,10,12),(15,2,13,14),(7,11,3,9),(6,4,5,16);   ==  1372
(8,1,10,12),(15,2,13,14),(7,11,9,3),(6,4,5,16);   ==  1372
(8,1,10,12),(15,3,13,14),(7,2,11,9),(6,4,5,16);   ==  1373
(8,1,10,12),(15,11,3,14),(7,2,13,9),(6,4,5,16);   ==  1373
(8,1,10,12),(15,11,9,14),(7,2,13,3),(6,4,5,16);   ==  1373
(8,1,10,12),(15,11,13,14),(7,2,3,9),(6,4,5,16);   ==  1373
(8,1,10,12),(15,13,3,14),(7,2,11,9),(6,4,5,16);   ==  1373
(8,1,10,12),(15,11,13,14),(7,2,9,3),(6,4,5,16);   ==  1373
(8,1,10,12),(15,13,9,14),(7,2,11,3),(6,4,5,16);   ==  1373
(8,1,10,12),(15,13,11,14),(7,2,3,9),(6,4,5,16);   ==  1373
(8,1,10,12),(15,13,11,14),(7,2,9,3),(6,4,5,16);   ==  1373
(8,1,10,12),(15,9,11,14),(7,2,13,3),(6,4,5,16);   ==  1373
(8,1,10,12),(15,3,11,14),(7,2,13,9),(6,4,5,16);   ==  1373
(8,1,10,12),(15,9,13,14),(7,2,11,3),(6,4,5,16);   ==  1373
(8,2,3,12),(5,1,9,14),(7,11,13,10),(6,4,15,16);   ==  1374
(8,2,3,12),(5,9,1,14),(7,11,13,10),(6,4,15,16);   ==  1378
(8,2,3,12),(5,9,1,14),(7,13,11,10),(6,4,15,16);   ==  1378
(8,2,3,12),(5,11,1,14),(7,9,13,10),(6,4,15,16);   ==  1378
(8,2,3,12),(5,9,11,14),(7,1,13,10),(6,4,15,16);   ==  1378
(8,2,3,12),(5,9,11,14),(7,13,1,10),(6,4,15,16);   ==  1378
(8,2,3,12),(5,11,13,14),(7,9,1,10),(6,4,15,16);   ==  1378
(8,2,3,12),(5,9,13,14),(7,1,11,10),(6,4,15,16);   ==  1378
(8,2,3,12),(5,1,11,14),(7,9,13,10),(6,4,15,16);   ==  1378
(8,2,3,12),(5,13,11,14),(7,9,1,10),(6,4,15,16);   ==  1378
(8,2,3,12),(5,13,1,14),(7,9,11,10),(6,4,15,16);   ==  1378
(8,2,3,12),(5,1,13,14),(7,9,11,10),(6,4,15,16);   ==  1378
(8,2,3,12),(5,9,13,14),(7,11,1,10),(6,4,15,16);   ==  1378
(8,2,3,12),(10,1,11,14),(7,9,13,5),(6,4,15,16);   ==  1380
(8,2,3,12),(10,11,1,14),(7,9,13,5),(6,4,15,16);   ==  1380
(8,2,3,12),(10,1,13,14),(7,9,11,5),(6,4,15,16);   ==  1380
(8,2,3,12),(10,11,13,14),(7,9,1,5),(6,4,15,16);   ==  1380
(8,2,3,12),(10,13,1,14),(7,9,11,5),(6,4,15,16);   ==  1380
(8,2,3,12),(15,1,13,14),(7,5,11,10),(6,4,9,16);   ==  1382
(8,2,3,12),(15,1,5,14),(7,11,13,10),(6,4,9,16);   ==  1382
(8,2,3,12),(15,1,13,14),(7,11,5,10),(6,4,9,16);   ==  1382
(8,2,3,12),(10,9,1,14),(7,11,13,5),(6,4,15,16);   ==  1380
(8,2,3,12),(15,5,13,14),(7,11,1,10),(6,4,9,16);   ==  1382
(8,2,3,12),(15,1,5,14),(7,13,11,10),(6,4,9,16);   ==  1382
(8,2,3,12),(15,5,1,14),(7,11,13,10),(6,4,9,16);   ==  1382
(8,2,3,12),(15,11,1,14),(7,5,13,10),(6,4,9,16);   ==  1382
(8,2,3,12),(15,5,1,14),(7,13,11,10),(6,4,9,16);   ==  1382
(8,2,3,12),(15,11,1,14),(7,13,5,10),(6,4,9,16);   ==  1382
(8,2,3,12),(15,11,5,14),(7,1,13,10),(6,4,9,16);   ==  1382
(8,2,3,12),(15,5,11,14),(7,1,13,10),(6,4,9,16);   ==  1382
(8,2,3,12),(15,11,5,14),(7,13,1,10),(6,4,9,16);   ==  1382
(8,2,3,12),(15,5,11,14),(7,13,1,10),(6,4,9,16);   ==  1382
(8,2,3,12),(15,5,13,14),(7,1,11,10),(6,4,9,16);   ==  1382
(8,2,3,12),(15,11,13,14),(7,1,5,10),(6,4,9,16);   ==  1382
(8,2,3,12),(15,11,13,14),(7,5,1,10),(6,4,9,16);   ==  1382
(8,2,3,12),(15,13,1,14),(7,5,11,10),(6,4,9,16);   ==  1382
(8,2,3,12),(15,1,11,14),(7,5,13,10),(6,4,9,16);   ==  1382
(8,2,3,12),(15,13,1,14),(7,11,5,10),(6,4,9,16);   ==  1382
(8,2,3,12),(15,13,5,14),(7,1,11,10),(6,4,9,16);   ==  1382
(8,2,3,12),(15,13,5,14),(7,11,1,10),(6,4,9,16);   ==  1382
(8,2,3,12),(15,13,11,14),(7,1,5,10),(6,4,9,16);   ==  1382
(8,2,3,12),(15,13,11,14),(7,5,1,10),(6,4,9,16);   ==  1382
(8,2,3,12),(15,1,11,14),(7,13,5,10),(6,4,9,16);   ==  1382
(8,2,5,12),(15,1,11,14),(7,3,13,9),(6,4,10,16);   ==  1388
(8,2,5,12),(15,1,11,14),(7,9,13,3),(6,4,10,16);   ==  1388
(8,2,5,12),(15,3,11,14),(7,1,13,9),(6,4,10,16);   ==  1388
(8,2,5,12),(15,9,11,14),(7,1,13,3),(6,4,10,16);   ==  1388
(8,2,5,12),(15,9,11,14),(7,13,1,3),(6,4,10,16);   ==  1388
(8,2,5,12),(15,9,13,14),(7,1,11,3),(6,4,10,16);   ==  1388
(8,2,5,12),(15,9,13,14),(7,11,1,3),(6,4,10,16);   ==  1388
(8,2,5,12),(15,3,11,14),(7,13,1,9),(6,4,10,16);   ==  1388
(8,2,5,12),(15,3,13,14),(7,1,11,9),(6,4,10,16);   ==  1388
(8,2,5,12),(15,11,1,14),(7,3,13,9),(6,4,10,16);   ==  1388
(8,2,5,12),(15,1,3,14),(7,11,13,9),(6,4,10,16);   ==  1388
(8,2,5,12),(15,3,13,14),(7,11,1,9),(6,4,10,16);   ==  1388
(8,2,5,12),(15,1,3,14),(7,13,11,9),(6,4,10,16);   ==  1388
(8,2,5,12),(15,9,1,14),(7,11,13,3),(6,4,10,16);   ==  1388
(8,2,5,12),(15,11,13,14),(7,1,3,9),(6,4,10,16);   ==  1388
(8,2,5,12),(15,11,13,14),(7,1,9,3),(6,4,10,16);   ==  1388
(8,2,5,12),(15,9,1,14),(7,13,11,3),(6,4,10,16);   ==  1388
(8,2,5,12),(15,1,11,14),(7,13,3,9),(6,4,10,16);   ==  1388
(8,2,5,12),(15,1,9,14),(7,11,13,3),(6,4,10,16);   ==  1388
(8,2,5,12),(15,11,1,14),(7,9,13,3),(6,4,10,16);   ==  1388
(8,2,5,12),(15,11,13,14),(7,3,1,9),(6,4,10,16);   ==  1388
(8,2,5,12),(15,13,11,14),(7,1,3,9),(6,4,10,16);   ==  1388
(8,2,5,12),(15,11,13,14),(7,9,1,3),(6,4,10,16);   ==  1388
(8,2,5,12),(15,13,11,14),(7,1,9,3),(6,4,10,16);   ==  1388
(8,2,5,12),(15,1,9,14),(7,13,11,3),(6,4,10,16);   ==  1388
(8,2,5,12),(15,13,1,14),(7,3,11,9),(6,4,10,16);   ==  1388
(8,2,5,12),(15,13,1,14),(7,9,11,3),(6,4,10,16);   ==  1388
(8,2,5,12),(15,13,11,14),(7,3,1,9),(6,4,10,16);   ==  1388
(8,2,5,12),(15,13,11,14),(7,9,1,3),(6,4,10,16);   ==  1388
(8,2,5,12),(15,13,1,14),(7,11,3,9),(6,4,10,16);   ==  1388
(8,2,5,12),(15,13,1,14),(7,11,9,3),(6,4,10,16);   ==  1388
(8,2,5,12),(15,13,3,14),(7,1,11,9),(6,4,10,16);   ==  1388
(8,2,5,12),(15,11,1,14),(7,13,3,9),(6,4,10,16);   ==  1388
(8,2,5,12),(15,11,1,14),(7,13,9,3),(6,4,10,16);   ==  1388
(8,2,5,12),(15,11,3,14),(7,1,13,9),(6,4,10,16);   ==  1388
(8,2,5,12),(15,1,11,14),(7,13,9,3),(6,4,10,16);   ==  1388
(8,2,5,12),(15,13,3,14),(7,11,1,9),(6,4,10,16);   ==  1388
(8,2,5,12),(15,11,3,14),(7,13,1,9),(6,4,10,16);   ==  1388
(8,2,5,12),(15,11,9,14),(7,1,13,3),(6,4,10,16);   ==  1388
(8,2,5,12),(15,11,9,14),(7,13,1,3),(6,4,10,16);   ==  1388
(8,2,5,12),(15,13,9,14),(7,1,11,3),(6,4,10,16);   ==  1388
(8,2,5,12),(15,1,13,14),(7,3,11,9),(6,4,10,16);   ==  1388
(8,2,5,12),(15,1,13,14),(7,9,11,3),(6,4,10,16);   ==  1388
(8,2,5,12),(15,1,13,14),(7,11,3,9),(6,4,10,16);   ==  1388
(8,2,5,12),(15,1,13,14),(7,11,9,3),(6,4,10,16);   ==  1388
(8,2,5,12),(15,3,1,14),(7,11,13,9),(6,4,10,16);   ==  1388
(8,2,5,12),(15,3,1,14),(7,13,11,9),(6,4,10,16);   ==  1388
(8,2,5,12),(15,13,9,14),(7,11,1,3),(6,4,10,16);   ==  1388
(8,3,5,12),(10,1,9,14),(7,13,11,2),(6,4,15,16);   ==  1388
(8,3,5,12),(10,1,11,14),(7,2,13,9),(6,4,15,16);   ==  1388
(8,3,5,12),(10,1,11,14),(7,9,13,2),(6,4,15,16);   ==  1388
(8,3,5,12),(10,1,2,14),(7,11,13,9),(6,4,15,16);   ==  1390
(8,3,5,12),(10,1,2,14),(7,13,11,9),(6,4,15,16);   ==  1390
(8,3,5,12),(10,13,2,14),(7,1,11,9),(6,4,15,16);   ==  1390
(8,3,5,12),(10,13,2,14),(7,11,1,9),(6,4,15,16);   ==  1390
(8,3,5,12),(10,11,2,14),(7,1,13,9),(6,4,15,16);   ==  1390
(8,3,5,12),(10,11,2,14),(7,13,1,9),(6,4,15,16);   ==  1390
(8,9,5,12),(10,1,2,14),(7,11,13,3),(6,4,15,16);   ==  1390
(8,9,5,12),(10,1,2,14),(7,13,11,3),(6,4,15,16);   ==  1390
(8,9,5,12),(10,11,2,14),(7,1,13,3),(6,4,15,16);   ==  1390
(8,9,5,12),(10,13,2,14),(7,1,11,3),(6,4,15,16);   ==  1390
(8,9,5,12),(10,13,2,14),(7,11,1,3),(6,4,15,16);   ==  1390
(8,9,5,12),(10,11,2,14),(7,13,1,3),(6,4,15,16);   ==  1390






( 1, 2,14, 7),( 3, 6, 4,16),( 9,12,10, 8),(11,15, 5,13);   ==  816
( 1, 2,14, 7),( 3, 6, 8,16),( 9,12,10, 4),(11,15, 5,13);   ==  816
( 1, 2,14, 7),( 3, 6,12, 4),( 9,15, 8,16),(11, 5,10,13);   ==  816
( 1, 2,14, 7),( 3, 6,12, 4),( 9,15,16, 8),(11, 5,10,13);   ==  816
( 1, 2,14, 7),( 3, 6,12, 8),( 9,15, 4,16),(11, 5,10,13);   ==  816
( 1, 2,14, 7),( 3, 6,12,16),( 9,15, 4, 8),(11, 5,10,13);   ==  816
( 1, 2,14, 7),( 3, 6,16, 8),( 9,12,10, 4),(11,15, 5,13);   ==  816
( 1, 2,14, 7),( 3,12, 4, 8),( 9, 6,10,16),(11,15, 5,13);   ==  814
( 1, 2,14, 7),( 3,12, 4,16),( 9, 6,10, 8),(11,15, 5,13);   ==  814
( 1, 2,14, 7),( 3,12, 8,16),( 9, 6,10, 4),(11,15, 5,13);   ==  814
( 1, 2,14, 7),( 3,12,16, 8),( 9, 6,10, 4),(11,15, 5,13);   ==  814
( 1, 2,14, 7),( 4, 8,10, 5),(16,12, 6,15),(11, 3, 9,13);   ==  806
( 1, 2,14, 7),( 4, 8,10, 5),(16,12, 6,15),(11, 9, 3,13);   ==  806
( 1, 2,14, 7),( 4,16,10, 5),( 8,12, 6,15),(11, 3, 9,13);   ==  806
( 1, 2,14, 7),( 4,16,10, 5),( 8,12, 6,15),(11, 9, 3,13);   ==  806
( 1, 2,14, 7),( 5,10, 4, 8),(15, 6,12,16),(11, 3, 9,13);   ==  802
( 1, 2,14, 7),( 5,10, 4, 8),(15, 6,12,16),(11, 9, 3,13);   ==  802
( 1, 2,14, 7),( 5,10, 4,16),(15, 6,12, 8),(11, 3, 9,13);   ==  802
( 1, 2,14, 7),( 5,10, 4,16),(15, 6,12, 8),(11, 9, 3,13);   ==  802
( 1, 2,14, 7),( 5,10, 8,16),(15, 6,12, 4),(11, 3, 9,13);   ==  802
( 1, 2,14, 7),( 5,10, 8,16),(15, 6,12, 4),(11, 9, 3,13);   ==  802
( 1, 2,14, 7),( 5,10,16, 8),(15, 6,12, 4),(11, 3, 9,13);   ==  802
( 1, 2,14, 7),( 5,10,16, 8),(15, 6,12, 4),(11, 9, 3,13);   ==  802
( 1, 2,14, 7),( 8, 4,10, 5),(16,12, 6,15),(11, 3, 9,13);   ==  802
( 1, 2,14, 7),( 8, 4,10, 5),(16,12, 6,15),(11, 9, 3,13);   ==  802
( 1, 2,14, 7),( 8,16,10, 5),( 4,12, 6,15),(11, 3, 9,13);   ==  802
( 1, 2,14, 7),( 8,16,10, 5),( 4,12, 6,15),(11, 9, 3,13);   ==  802
( 1, 2,14, 7),(16, 4,10, 5),( 8,12, 6,15),(11, 3, 9,13);   ==  802
( 1, 2,14, 7),(16, 4,10, 5),( 8,12, 6,15),(11, 9, 3,13);   ==  802
( 1, 2,14, 7),(16, 8,10, 5),( 4,12, 6,15),(11, 3, 9,13);   ==  802
( 1, 2,14, 7),(16, 8,10, 5),( 4,12, 6,15),(11, 9, 3,13);   ==  802


( 8, 2, 7,12),(15, 9,11,10),( 4, 1,13, 3),( 6,14, 5,16);   ==  1389
( 8, 2, 7,12),(15, 9,11,10),( 4,13, 1, 3),( 6,14, 5,16);   ==  1389
( 8, 2, 7,12),(15, 9,13,10),( 4,11, 1, 3),( 6,14, 5,16);   ==  1389
( 8, 2, 7,12),(15,11, 3,10),( 4,13, 1, 9),( 6,14, 5,16);   ==  1389
( 8, 2, 7,12),(15,11, 1,10),( 4, 3,13, 9),( 6,14, 5,16);   ==  1389
( 8, 2, 7,12),(15,11, 9,10),( 4,13, 1, 3),( 6,14, 5,16);   ==  1389
( 8, 2, 7,12),(15,11, 9,10),( 4, 1,13, 3),( 6,14, 5,16);   ==  1389
( 8, 2, 7,12),(15,13, 9,10),( 4, 1,11, 3),( 6,14, 5,16);   ==  1389
( 8, 2, 7,12),(15,11, 1,10),( 4, 9,13, 3),( 6,14, 5,16);   ==  1389
( 8, 2, 7,12),(15,11, 3,10),( 4, 1,13, 9),( 6,14, 5,16);   ==  1389
( 8, 2, 7,12),(15,11,13,10),( 4, 1, 3, 9),( 6,14, 5,16);   ==  1389
( 8, 2, 7,12),(15,13, 1,10),( 4, 3,11, 9),( 6,14, 5,16);   ==  1389
( 8, 2, 7,12),(15,13, 1,10),( 4, 9,11, 3),( 6,14, 5,16);   ==  1389
( 8, 2, 7,12),(15,13, 1,10),( 4,11, 3, 9),( 6,14, 5,16);   ==  1389
( 8, 2, 7,12),(15,13, 9,10),( 4,11, 1, 3),( 6,14, 5,16);   ==  1389
( 8, 2, 7,12),(15,13,11,10),( 4, 1, 3, 9),( 6,14, 5,16);   ==  1389
( 8, 2, 7,12),(15,13, 3,10),( 4, 1,11, 9),( 6,14, 5,16);   ==  1389
( 8, 2, 7,12),(15,11, 1,10),( 4,13, 3, 9),( 6,14, 5,16);   ==  1389
( 8, 2, 7,12),(15,11,13,10),( 4, 1, 9, 3),( 6,14, 5,16);   ==  1389
( 8, 2, 7,12),(15,13, 1,10),( 4,11, 9, 3),( 6,14, 5,16);   ==  1389
( 8, 2, 7,12),(15,13,11,10),( 4, 1, 9, 3),( 6,14, 5,16);   ==  1389
( 8, 2, 7,12),(15,13, 3,10),( 4,11, 1, 9),( 6,14, 5,16);   ==  1389
( 8, 2, 7,12),(15,11, 1,10),( 4,13, 9, 3),( 6,14, 5,16);   ==  1389
( 8, 2, 7,12),(15,11,13,10),( 4, 3, 1, 9),( 6,14, 5,16);   ==  1389
( 8, 2, 7,12),(15,13,11,10),( 4, 3, 1, 9),( 6,14, 5,16);   ==  1389
( 8, 2, 7,12),(15,11,13,10),( 4, 9, 1, 3),( 6,14, 5,16);   ==  1389
( 8, 2, 7,12),(15,13,11,10),( 4, 9, 1, 3),( 6,14, 5,16);   ==  1389
( 8, 3, 7,12),( 5, 1, 2,10),( 4,11,13, 9),( 6,14,15,16);   ==  1389
( 8, 3, 7,12),( 5, 1, 2,10),( 4,13,11, 9),( 6,14,15,16);   ==  1389
( 8, 3, 7,12),( 5,11, 2,10),( 4, 1,13, 9),( 6,14,15,16);   ==  1389
( 8, 3, 7,12),( 5,11, 2,10),( 4,13, 1, 9),( 6,14,15,16);   ==  1389
( 8, 3, 7,12),( 5,13, 2,10),( 4,11, 1, 9),( 6,14,15,16);   ==  1389
( 8, 3, 7,12),( 5,13, 2,10),( 4, 1,11, 9),( 6,14,15,16);   ==  1389
( 8, 3, 7,12),(15, 1, 2,10),( 4,11,13, 9),( 6,14, 5,16);   ==  1389
( 8, 3, 7,12),(15, 1, 2,10),( 4,13,11, 9),( 6,14, 5,16);   ==  1389
( 8, 3, 7,12),(15,11, 2,10),( 4,13, 1, 9),( 6,14, 5,16);   ==  1389
( 8, 3, 7,12),(15,11, 2,10),( 4, 1,13, 9),( 6,14, 5,16);   ==  1389
( 8, 3, 7,12),(15,13, 2,10),( 4, 1,11, 9),( 6,14, 5,16);   ==  1389
( 8, 3, 7,12),(15,13, 2,10),( 4,11, 1, 9),( 6,14, 5,16);   ==  1389
( 8, 3,14,12),( 5, 1,11,10),( 4, 2,13, 9),( 6, 7,15,16);   ==  1389
( 8, 3,14,12),( 5, 1,13,10),( 4, 2,11, 9),( 6, 7,15,16);   ==  1389
( 8, 3,14,12),( 5,11, 1,10),( 4, 2,13, 9),( 6, 7,15,16);   ==  1389
( 8, 3,14,12),( 5,11,13,10),( 4, 2, 1, 9),( 6, 7,15,16);   ==  1389
( 8, 3,14,12),( 5,13, 1,10),( 4, 2,11, 9),( 6, 7,15,16);   ==  1389
( 8, 3,14,12),( 5,13,11,10),( 4, 2, 1, 9),( 6, 7,15,16);   ==  1389
( 8, 3,14,12),(15, 1, 2, 5),( 4,11,13, 9),( 6, 7,10,16);   ==  1390
( 8, 3,14,12),(15, 1, 2, 5),( 4,13,11, 9),( 6, 7,10,16);   ==  1390
( 8, 3,14,12),(15,11, 2, 5),( 4, 1,13, 9),( 6, 7,10,16);   ==  1390
( 8, 3,14,12),(15,11, 2, 5),( 4,13, 1, 9),( 6, 7,10,16);   ==  1390
( 8, 3,14,12),(15,13, 2, 5),( 4,11, 1, 9),( 6, 7,10,16);   ==  1390
( 8, 3,14,12),(15,13, 2, 5),( 4, 1,11, 9),( 6, 7,10,16);   ==  1390
( 8, 9,14,12),(15, 1, 2, 5),( 4,11,13, 3),( 6, 7,10,16);   ==  1390
( 8, 9,14,12),(15, 1, 2, 5),( 4,13,11, 3),( 6, 7,10,16);   ==  1390
( 8, 9,14,12),(15,11, 2, 5),( 4,13, 1, 3),( 6, 7,10,16);   ==  1390
( 8, 9,14,12),(15,11, 2, 5),( 4, 1,13, 3),( 6, 7,10,16);   ==  1390
( 8, 9,14,12),(15,13, 2, 5),( 4,11, 1, 3),( 6, 7,10,16);   ==  1390
( 8, 9,14,12),(15,13, 2, 5),( 4, 1,11, 3),( 6, 7,10,16);   ==  1390
( 8,10, 3,12),( 7, 1,11, 5),( 4,13, 2,14),( 6,15, 9,16);   ==  1390
( 8,10, 3,12),( 7, 1,13, 5),( 4,11, 2,14),( 6,15, 9,16);   ==  1390
( 8,10, 3,12),( 7,11, 1, 5),( 4,13, 2,14),( 6,15, 9,16);   ==  1390
( 8,10, 3,12),( 7,11,13, 5),( 4, 1, 2,14),( 6,15, 9,16);   ==  1390
( 8,10, 3,12),( 7,13, 1, 5),( 4,11, 2,14),( 6,15, 9,16);   ==  1390
( 8,10, 3,12),( 7,13,11, 5),( 4, 1, 2,14),( 6,15, 9,16);   ==  1390
( 8,10, 9,12),( 7, 1,11, 5),( 4,13, 2,14),( 6,15, 3,16);   ==  1390
( 8,10, 9,12),( 7, 1,13, 5),( 4,11, 2,14),( 6,15, 3,16);   ==  1390
( 8,10, 9,12),( 7,11, 1, 5),( 4,13, 2,14),( 6,15, 3,16);   ==  1390
( 8,10, 9,12),( 7,11,13, 5),( 4, 1, 2,14),( 6,15, 3,16);   ==  1390
( 8,10, 9,12),( 7,13, 1, 5),( 4,11, 2,14),( 6,15, 3,16);   ==  1390
( 8,10, 9,12),( 7,13,11, 5),( 4, 1, 2,14),( 6,15, 3,16);   ==  1390



( 8, 2, 5,12),(15, 3, 1,14),( 7,13,11, 9),( 6, 4,10,16);   ==  1388
( 8, 2, 5,12),(15, 9, 1,14),( 7,13,11, 3),( 6, 4,10,16);   ==  1388
( 8, 2, 7,12),(15, 3, 1,10),( 4,13,11, 9),( 6,14, 5,16);   ==  1389
( 8, 2, 7,12),(15, 9, 1,10),( 4,13,11, 3),( 6,14, 5,16);   ==  1389
( 8, 2,15, 6),(14, 3, 1, 4),( 5,13,11, 7),(12, 9,10,16);   ==  1389
( 8, 2,15, 6),(14, 9, 1, 4),( 5,13,11, 7),(12, 3,10,16);   ==  1389
( 8, 3, 4,15),( 7, 2, 1, 6),(10,13,11,14),(12, 9, 5,16);   ==  1392
( 8, 7,10,12),( 3, 2, 1, 9),( 4,13,11, 5),(15, 6,14,16);   ==  1392
( 8, 7,10,12),( 9, 2, 1, 3),( 4,13,11, 5),(15, 6,14,16);   ==  1392
( 8, 9, 4,15),( 7, 2, 1, 6),(10,13,11,14),(12, 3, 5,16);   ==  1392

( 8, 2, 7,12),(15, 1, 3,10),( 4,13,11, 9),( 6,14, 5,16);   ==  1389
( 8, 2, 7,12),(15, 1, 9,10),( 4,13,11, 3),( 6,14, 5,16);   ==  1389
( 8, 2,15, 6),(14, 1, 3, 4),( 5,13,11, 7),(12, 9,10,16);   ==  1389
( 8, 2,15, 6),(14, 1, 9, 4),( 5,13,11, 7),(12, 3,10,16);   ==  1389
( 8, 3, 4,15),( 7, 1, 2, 6),(10,13,11,14),(12, 9, 5,16);   ==  1391
( 8, 3, 4,15),(14, 1, 2, 6),( 5,13,11, 7),(12, 9,10,16);   ==  1392
( 8, 7, 6,15),(10, 1, 2, 4),( 3,13,11, 9),(12, 5,14,16);   ==  1392
( 8, 7, 6,15),(10, 1, 2, 4),( 9,13,11, 3),(12, 5,14,16);   ==  1392
( 8, 9, 4,15),(14, 1, 2, 6),( 5,13,11, 7),(12, 3,10,16);   ==  1392


( 8, 2, 7,12),(15, 1,13,10),( 4, 3,11, 9),( 6,14, 5,16);   ==  1389
( 8, 2, 7,12),(15, 1,13,10),( 4, 9,11, 3),( 6,14, 5,16);   ==  1389
( 8, 2,15, 6),(14, 1,13, 4),( 5, 9,11, 7),(12, 3,10,16);   ==  1389
( 8, 2,15, 6),(14, 1,13, 4),( 5, 3,11, 7),(12, 9,10,16);   ==  1389
( 8, 3, 4,15),( 7, 1,13, 6),(10, 2,11,14),(12, 9, 5,16);   ==  1391
( 8, 5, 3,12),(14, 1,13,10),( 6, 2,11, 7),(15, 4, 9,16);   ==  1391
( 8, 5, 9,12),(14, 1,13,10),( 6, 2,11, 7),(15, 4, 3,16);   ==  1391
( 8, 7,10,12),( 3, 1,13, 9),( 4, 2,11, 5),(15, 6,14,16);   ==  1391
( 8, 7,10,12),( 9, 1,13, 3),( 4, 2,11, 5),(15, 6,14,16);   ==  1391
( 8, 9, 4,15),( 7, 1,13, 6),(10, 2,11,14),(12, 3, 5,16);   ==  1391
( 8,10, 3,12),( 7, 1,13, 5),( 6, 2,11,14),(15, 4, 9,16);   ==  1392
( 8,10, 9,12),( 7, 1,13, 5),( 6, 2,11,14),(15, 4, 3,16);   ==  1392
( 8,14, 5,12),( 3, 1,13, 9),( 4, 2,11,10),(15, 6, 7,16);   ==  1392
( 8,14, 5,12),( 9, 1,13, 3),( 4, 2,11,10),(15, 6, 7,16);   ==  1392

( 8, 2, 5,12),(15, 1,13,14),( 7,11, 3, 9),( 6, 4,10,16);   ==  1388
( 8, 2, 5,12),(15, 1,13,14),( 7,11, 9, 3),( 6, 4,10,16);   ==  1388
( 8, 2, 7,12),(15, 1,13,10),( 4,11, 3, 9),( 6,14, 5,16);   ==  1389
( 8, 2, 7,12),(15, 1,13,10),( 4,11, 9, 3),( 6,14, 5,16);   ==  1389
( 8, 2,15, 6),(14, 1,13, 4),( 5,11, 3, 7),(12, 9,10,16);   ==  1389
( 8, 2,15, 6),(14, 1,13, 4),( 5,11, 9, 7),(12, 3,10,16);   ==  1389
( 8, 3, 4,15),( 7, 1,13, 6),(10,11, 2,14),(12, 9, 5,16);   ==  1390
( 8, 3, 4,15),(14, 1,13, 6),( 5,11, 2, 7),(12, 9,10,16);   ==  1391
( 8, 5, 3,12),(14, 1,13,10),( 6,11, 2, 7),(15, 4, 9,16);   ==  1392
( 8, 5, 9,12),(14, 1,13,10),( 6,11, 2, 7),(15, 4, 3,16);   ==  1392
( 8,14, 6,15),( 5, 1,13, 4),( 3,11, 2, 9),(12,10, 7,16);   ==  1392
( 8,14, 6,15),( 5, 1,13, 4),( 9,11, 2, 3),(12,10, 7,16);   ==  1392







( 8, 2, 5,12),(15, 3, 1,14),( 7,13,11, 9),( 6, 4,10,16);   ==  1388
( 8, 2, 5,12),(15, 9, 1,14),( 7,13,11, 3),( 6, 4,10,16);   ==  1388
( 8, 2, 5,12),(15, 1,13,14),( 7,11, 3, 9),( 6, 4,10,16);   ==  1388
( 8, 2, 5,12),(15, 1,13,14),( 7,11, 9, 3),( 6, 4,10,16);   ==  1388

( 8, 2,15, 6),(14, 1,13, 4),( 5,11, 3, 7),(12, 9,10,16);   ==  1389
( 8, 2,15, 6),(14, 1,13, 4),( 5,11, 9, 7),(12, 3,10,16);   ==  1389
( 8, 2,15, 6),(14, 1,13, 4),( 5, 9,11, 7),(12, 3,10,16);   ==  1389
( 8, 2,15, 6),(14, 1,13, 4),( 5, 3,11, 7),(12, 9,10,16);   ==  1389
( 8, 2,15, 6),(14, 3, 1, 4),( 5,13,11, 7),(12, 9,10,16);   ==  1389
( 8, 2,15, 6),(14, 9, 1, 4),( 5,13,11, 7),(12, 3,10,16);   ==  1389
( 8, 2,15, 6),(14, 1, 3, 4),( 5,13,11, 7),(12, 9,10,16);   ==  1389
( 8, 2,15, 6),(14, 1, 9, 4),( 5,13,11, 7),(12, 3,10,16);   ==  1389
( 8, 2, 7,12),(15, 1, 3,10),( 4,13,11, 9),( 6,14, 5,16);   ==  1389
( 8, 2, 7,12),(15, 1, 9,10),( 4,13,11, 3),( 6,14, 5,16);   ==  1389
( 8, 2, 7,12),(15, 3, 1,10),( 4,13,11, 9),( 6,14, 5,16);   ==  1389
( 8, 2, 7,12),(15, 9, 1,10),( 4,13,11, 3),( 6,14, 5,16);   ==  1389
( 8, 2, 7,12),(15, 1,13,10),( 4, 3,11, 9),( 6,14, 5,16);   ==  1389
( 8, 2, 7,12),(15, 1,13,10),( 4, 9,11, 3),( 6,14, 5,16);   ==  1389
( 8, 2, 7,12),(15, 1,13,10),( 4,11, 3, 9),( 6,14, 5,16);   ==  1389
( 8, 2, 7,12),(15, 1,13,10),( 4,11, 9, 3),( 6,14, 5,16);   ==  1389

( 8, 3, 4,15),( 7, 1,13, 6),(10,11, 2,14),(12, 9, 5,16);   ==  1390

( 8, 3, 4,15),(14, 1,13, 6),( 5,11, 2, 7),(12, 9,10,16);   ==  1391
( 8, 3, 4,15),( 7, 1, 2, 6),(10,13,11,14),(12, 9, 5,16);   ==  1391
( 8, 3, 4,15),( 7, 1,13, 6),(10, 2,11,14),(12, 9, 5,16);   ==  1391
( 8, 5, 3,12),(14, 1,13,10),( 6, 2,11, 7),(15, 4, 9,16);   ==  1391
( 8, 5, 9,12),(14, 1,13,10),( 6, 2,11, 7),(15, 4, 3,16);   ==  1391
( 8, 7,10,12),( 3, 1,13, 9),( 4, 2,11, 5),(15, 6,14,16);   ==  1391
( 8, 7,10,12),( 9, 1,13, 3),( 4, 2,11, 5),(15, 6,14,16);   ==  1391
( 8, 9, 4,15),( 7, 1,13, 6),(10, 2,11,14),(12, 3, 5,16);   ==  1391

( 8, 5, 3,12),(14, 1,13,10),( 6,11, 2, 7),(15, 4, 9,16);   ==  1392
( 8, 5, 9,12),(14, 1,13,10),( 6,11, 2, 7),(15, 4, 3,16);   ==  1392
( 8,10, 3,12),( 7, 1,13, 5),( 6, 2,11,14),(15, 4, 9,16);   ==  1392
( 8,10, 9,12),( 7, 1,13, 5),( 6, 2,11,14),(15, 4, 3,16);   ==  1392
( 8,14, 5,12),( 3, 1,13, 9),( 4, 2,11,10),(15, 6, 7,16);   ==  1392
( 8,14, 5,12),( 9, 1,13, 3),( 4, 2,11,10),(15, 6, 7,16);   ==  1392
( 8, 7,10,12),( 3, 2, 1, 9),( 4,13,11, 5),(15, 6,14,16);   ==  1392
( 8, 7,10,12),( 9, 2, 1, 3),( 4,13,11, 5),(15, 6,14,16);   ==  1392








